5.11905989575681
5.69125859039527
0.797881698340871
5.73890975922526
3.97323032474265
0.612864439548636
1.74985591686112
3.43615792623681
6.0161928799248
6.06257346743013
0.990312199015667
6.09841430561286
6.014057305718
3.04970514451812
5.0283104837449
0.891498158152027
2.65000429413463
5.75373599713033
4.97758545332857
6.02866871586198
4.12014032626034
0.224383094112068
5.3352367785303
5.86845265131518
4.26461875246862
4.76102165511013
4.66923900501058
2.46443504621593
4.1184890487447
1.07559768164234
4.43621840643643
0.200011672644315
1.73995843032658
0.290103403225716
0.610296980721259
5.17393812802806
4.36573699488948
1.99239479403268
5.97042121581923
0.216431106905802
2.756712114201
2.3974024914369
4.80988383569712
4.99638833509506
1.17415520325045
3.0772804555963
2.7997006693887
4.06090440897011
4.45707068267737
4.74183627175568
1.73431670821058
4.27069787245764
4.11610215333111
1.02171966534988
0.747684484356027
3.13131368904068
6.03024913880262
2.13870659656229
3.67734573372218
1.40625188978208
4.72035014879729
1.60280988138696
3.17902191308633
4.39242859238775
5.59771022645143
6.02740578815421
3.43825657772906
0.871003062397113
0.938041902178657
1.61797207878773
5.28238231028889
1.59770205079153
5.11630245501487
1.53011250542422
5.83873554370646
2.19901285618713
1.23524438897066
1.57760640730496
3.87072285773077
2.97376154147757
2.20954184790824
5.22025022758215
3.67732273835061
3.45401529862463
5.76289775241368
1.7959795232708
4.7576293541415
4.73581957076442
2.39041175589305
3.56772859010332
0.476606557669187
0.338978592926621
3.33509938615285
4.89565209201277
5.86856220789756
0.816224780393549
3.57402446836827
2.94926837922453
0.0747829082152302
2.11820404600458
1.01902149592425
4.99063695574501
1.9554217795492
3.32087163137019
1.04080166334599
3.78236408940221
1.65229731123278
4.10970018128259
4.33046243962438
4.70077509557294
2.8308363519841
0.526665250657873
1.43870472552404
5.73866789028546
0.957419329924554
5.18876109938178
3.38250527945727
6.25889901548155
0.491191333642999
2.78142960046077
0.670119118568649
6.04378388863272
0.0291176889893496
4.86890604625502
5.13526758752021
5.4581698091647
0.530526063913437
2.51190846688352
1.63281389696207
5.02697851968287
2.71065302203305
5.72176758533801
1.14257857638675
1.65752260908209
0.914448383175152
0.854943968847379
5.46192402668991
3.64239134583996
3.45487354118084
0.910777858404502
5.35975258543718
3.90848766240263
2.20509884314201
3.22484196780935
2.52463433397692
0.477312801066939
1.50743765096339
0.774835719453349
1.15552671321197
1.50766618367835
2.6217663176408
0.311987987059075
5.67193259837401
5.93627298887054
3.08419005361748
3.07406498909385
2.12195363373904
5.65520510348193
2.32004594985789
0.698707518179812
4.90246833157186
2.44880133403221
1.51859113652713
2.53785485855062
0.606041655349003
0.829212653044237
5.91907843058038
6.0075704948588
3.61414219316043
0.37560594591548
1.4751657021224
2.21896074580705
5.15971432771526
0.0967826531323075
0.270326518435347
1.06179567017991
4.07851281490928
4.59754734250495
4.06990791836293
2.83323720690587
3.43695823491014
1.86183853200638
4.67904290377066
1.18723937417038
4.31513731225284
1.15303459743196
2.31525700259008
3.93087734867563
4.90231355680154
0.509728238971149
5.83950427748956
4.87394650482523
3.05860203237358
2.73858027977966
2.80722508990396
1.92485050143666
3.19505411206434
3.20927238733133
5.13730640367335
4.99407308024684
