0.2422,0.1504,0.6603
0.244962814070352,0.154384924623116,0.676148743718593
0.247525628140704,0.159038693467337,0.69111608040201
0.250004020100503,0.164161306532663,0.705386432160804
0.252426130653266,0.169440201005025,0.719244221105528
0.254732663316583,0.174868844221106,0.73295527638191
0.257039195979899,0.180122613065327,0.746735175879397
0.259345728643216,0.185279396984925,0.76067135678392
0.261527135678392,0.190279899497487,0.774638693467337
0.263705527638191,0.195330653266332,0.788606030150754
0.265802512562814,0.200374874371859,0.802329145728643
0.267743216080402,0.205601005025126,0.81576432160804
0.269589949748744,0.211058291457286,0.828555778894472
0.271255778894472,0.216828140703518,0.840722110552764
0.272827638190955,0.222816582914573,0.852263316582915
0.274198994974874,0.229105527638191,0.862968844221105
0.275352261306533,0.235613065326633,0.872968844221106
0.276427135678392,0.242354773869347,0.882422613065327
0.277445728643216,0.249252763819095,0.891224623115578
0.278342713567839,0.256207035175879,0.899449748743719
0.279176884422111,0.263254773869347,0.907206030150754
0.279763819095477,0.270302512562814,0.914493467336683
0.280276381909548,0.277450251256281,0.921373869346734
0.280741708542714,0.284545226130653,0.927861809045226
0.281050753768844,0.291645728643216,0.934042713567839
0.28130351758794,0.298693467336683,0.939854773869347
0.2814,0.305741206030151,0.945429648241206
0.281340201005025,0.312788944723618,0.95075175879397
0.281124120603015,0.319748743718593,0.955829648241206
0.28086783919598,0.326768341708543,0.960578894472362
0.280523115577889,0.333687939698492,0.96510351758794
0.279938190954774,0.340607537688442,0.969315577889447
0.27909648241206,0.347527135678392,0.973315075376885
0.278170854271357,0.354446733668342,0.977102010050251
0.27703216080402,0.361423115577889,0.980576381909548
0.275580904522613,0.368470854271357,0.983653266331658
0.273904020100503,0.375531658291457,0.98644824120603
0.271940703517588,0.382707537688442,0.988800502512563
0.269682412060302,0.389883417085427,0.990770854271357
0.267052763819095,0.397156783919598,0.992369849246231
0.264033668341709,0.404486432160804,0.993781909547739
0.260486934673367,0.411864824120603,0.99508391959799
0.256233165829146,0.419250753768844,0.996319095477387
0.251257788944724,0.426682914572864,0.997490452261307
0.24542864321608,0.434153266331658,0.998605527638191
0.23875175879397,0.441713567839196,0.999431658291457
0.231420603015075,0.449368341708543,0.999505527638191
0.223620603015075,0.457279396984925,0.998115577889447
0.215804020100503,0.465146733668342,0.995784924623116
0.207908542713568,0.47301256281407,0.99306432160804
0.200206030150754,0.480708040201005,0.990466331658291
0.193346733668342,0.488140201005025,0.98799648241206
0.188147236180905,0.495445728643216,0.985243718592965
0.184887939698492,0.502530150753769,0.982113567839196
0.182845226130653,0.509458291457286,0.978770854271357
0.181227135678392,0.516330150753769,0.975263316582915
0.179765326633166,0.523121608040201,0.971599497487437
0.178471859296482,0.529813065326633,0.96755527638191
0.1776391959799,0.536572361809045,0.962845728643216
0.176998492462312,0.543175376884422,0.957667336683417
0.176446231155779,0.549798994974874,0.952108542713568
0.175251256281407,0.556245728643216,0.946620100502513
0.172926633165829,0.562736180904523,0.941455778894472
0.169414070351759,0.569143216080402,0.936676884422111
0.1648608040201,0.575550251256281,0.932265829145729
0.159921608040201,0.581928140703518,0.927879899497487
0.155409547738693,0.588149748743719,0.923337688442211
0.151693467336683,0.594300502512563,0.918724623115578
0.148969346733668,0.600324120603015,0.914238693467337
0.14691608040201,0.606218592964824,0.909923618090452
0.145052261306533,0.612113065326633,0.905904522613065
0.142934170854271,0.617909547738694,0.902256281407035
0.140146733668342,0.623802010050251,0.899198994974874
0.136726130653266,0.629642211055276,0.896306030150754
0.13268040201005,0.635490954773869,0.893569346733668
0.128430653266332,0.641274874371859,0.890757286432161
0.123984422110553,0.647002512562814,0.887732663316583
0.119627638190955,0.652640703517588,0.88432864321608
0.115365829145729,0.65818391959799,0.880550753768844
0.111114070351759,0.663670854271357,0.87616783919598
0.10660351758794,0.669001507537689,0.871401005025126
0.10170351758794,0.674175879396985,0.866165326633166
0.0960231155778894,0.679193969849246,0.860545728643216
0.0892949748743719,0.684120100502513,0.85445175879397
0.0812879396984924,0.688861306532663,0.848045226130653
0.0719110552763819,0.693510552763819,0.841326130653266
0.0609306532663317,0.697883417085427,0.834374371859296
0.0485793969849246,0.702191959798995,0.827150251256281
0.0352798994974874,0.706344221105528,0.819693467336683
0.0230427135678392,0.71043567839196,0.81212864321608
0.0134095477386934,0.714279899497487,0.804407537688442
0.00636381909547739,0.718063316582915,0.796530150753769
0.00219849246231157,0.721690452261306,0.78849648241206
0.00105376884422111,0.725261306532663,0.780423618090452
0.00306633165829145,0.728675879396985,0.772305527638191
0.00812160804020098,0.732007537688442,0.764031155778894
0.0163371859296483,0.735236180904523,0.755700502512563
0.0287391959798995,0.738311557788945,0.747243216080402
0.0447015075376884,0.741329145728643,0.738728140703518
0.0619145728643216,0.744276381909548,0.730142713567839
0.0788150753768846,0.747095477386935,0.721443216080402
0.0951341708542714,0.749786432160804,0.712729648241206
0.110601507537688,0.752477386934673,0.703945728643216
0.125032663316583,0.755168341708543,0.695104020100502
0.13790351758794,0.757759296482412,0.686262311557789
0.149401005025126,0.760450251256281,0.677311055276382
0.159584422110553,0.763141206030151,0.668295979899498
0.16849648241206,0.765843216080402,0.659104020100503
0.176373366834171,0.76862311557789,0.649838693467337
0.183536180904523,0.771381407035176,0.640349748743719
0.190264824120603,0.774200502512563,0.630643718592965
0.196557286432161,0.77701959798995,0.620634170854271
0.203302010050251,0.779786934673367,0.610407537688442
0.210654271356784,0.782397989949749,0.59994824120603
0.218330653266332,0.7850608040201,0.589208542713568
0.227077386934673,0.787551256281407,0.57811608040201
0.237138693467337,0.789857788944724,0.566775376884422
0.248421608040201,0.792071859296482,0.555278391959799
0.26108391959799,0.793988442211055,0.543463316582915
0.275056783919598,0.795733668341709,0.531418090452261
0.290126130653266,0.797245728643216,0.519219095477387
0.305823115577889,0.798545226130653,0.506902512562814
0.321745728643216,0.799665326633166,0.494216582914573
0.337640703517588,0.800629145728643,0.481346733668342
0.353491457286432,0.801526130653266,0.468008040201005
0.369280904522613,0.802187939698493,0.454382914572864
0.385261809045226,0.802737185929648,0.440369849246231
0.401629145728643,0.803047738693467,0.426200502512563
0.418677386934674,0.802995979899497,0.411980904522613
0.436451256281407,0.802679396984925,0.398013567839196
0.454752261306533,0.802050251256281,0.384162814070352
0.473332663316583,0.801194974874372,0.370538190954774
0.492013065326633,0.800068844221106,0.35705527638191
0.510508040201005,0.798830150753769,0.343472361809045
0.528761306532664,0.797349748743719,0.329818592964824
0.546858291457287,0.795713065326633,0.316008542713568
0.564671859296482,0.793920100502513,0.302042211055276
0.582428140703517,0.792015577889447,0.288130150753769
0.600111557788945,0.789881909547739,0.274374371859297
0.617671859296482,0.78758040201005,0.261032663316583
0.635098994974875,0.785106030150754,0.248209547738693
0.652390452261307,0.782475376884422,0.235923115577889
0.669561306532663,0.779688442211055,0.224261809045226
0.68643567839196,0.776745226130653,0.213570351758794
0.702989447236181,0.773797989949749,0.203475879396985
0.719311055276382,0.770770351758794,0.193850251256281
0.735459296482412,0.767686432160804,0.184602010050251
0.751275376884422,0.764482914572864,0.175815577889447
0.766778894472362,0.761279396984925,0.167875376884422
0.782062814070352,0.758075879396985,0.16115175879397
0.796927135678392,0.754872361809045,0.156493467336683
0.811515577889447,0.751718090452261,0.154058291457286
0.825635175879397,0.748642713567839,0.153577386934673
0.839485929648241,0.745578391959799,0.154699497487437
0.853035175879397,0.742759296482412,0.157174371859297
0.866366331658291,0.740002010050251,0.160430653266332
0.879384924623115,0.737401005025126,0.16464824120603
0.892054773869347,0.734992462311558,0.170476884422111
0.904299497487437,0.732906532663317,0.177951256281407
0.91606783919598,0.731133165829146,0.187077889447236
0.927413567839196,0.729779899497487,0.197521105527638
0.938244221105528,0.728846733668342,0.208858793969849
0.948879899497487,0.728441206030151,0.220156281407035
0.959515577889447,0.728486934673367,0.230220100502513
0.970121105527638,0.729380904522613,0.237978391959799
0.980111557788945,0.731523618090452,0.243010050251256
0.988338693467337,0.735497487437186,0.243386934673367
0.99457688442211,0.740678894472362,0.239417587939699
0.996738190954774,0.747320100502513,0.233939195979899
0.997155778894472,0.754423618090452,0.228557286432161
0.99711608040201,0.761683417085427,0.223091457286432
0.996863819095477,0.76898743718593,0.217581407035176
0.996439195979899,0.776331658291457,0.21207135678392
0.995858291457286,0.783763819095477,0.206629648241206
0.994928140703518,0.791292462311558,0.201344221105528
0.993430653266332,0.798877386934673,0.196538190954774
0.991403015075377,0.806618592964824,0.192158793969849
0.988901005025126,0.814435175879397,0.188091959798995
0.985864824120603,0.8223608040201,0.184337688442211
0.982458793969849,0.830305527638191,0.180584422110553
0.978805527638191,0.838250251256281,0.176740201005025
0.974995979899497,0.846288442211055,0.172802512562814
0.971438190954774,0.854239698492462,0.16885175879397
0.968255778894472,0.862234170854271,0.165057286432161
0.965542211055276,0.870229145728643,0.161419095477387
0.963309547738693,0.878173869346734,0.158049246231156
0.961524120603015,0.886118592964824,0.154845728643216
0.960363819095477,0.894001005025126,0.151642211055276
0.959647738693467,0.901727135678392,0.148257788944724
0.959537185929648,0.909496984924623,0.144405025125628
0.959886934673367,0.917104020100503,0.140117587939699
0.960624120603015,0.924717587939699,0.135354773869347
0.961833165829146,0.932177889447236,0.130270351758794
0.963305025125628,0.939707035175879,0.124697989949749
0.965089447236181,0.947079899497487,0.118753768844221
0.967186432160804,0.95447135678392,0.112253266331658
0.969495979899497,0.96180351758794,0.105165326633166
0.971930653266332,0.969191959798995,0.097345728643216
0.974365326633166,0.97656783919598,0.0890572864321608
0.9769,0.9839,0.0805
